[Global]
Default=2
[Node1]
Id=1
Name=1 Slide Plate
Position=1
Type=1
X-Size=76.820000
Y-Size=25.920000
X-Offset=5200.000000
Y-Offset=-3800.000000
X-Spacing=0.000000
Y-Spacing=0.000000
Rows=1
Cols=1
SafeRegionShape=0
SafeLeft=-36400.000000
SafeTop=-25600.000000
SafeRight=46800.000000
SafeBottom=18000.000000
SafeCenterX=0.000000
SafeCenterY=0.000000
SafeRadius=0.000000
[Node2]
Id=2
Name=384 WellPlate
Position=2
Type=0
X-Size=4.000000
Y-Size=4.000000
X-Offset=-57000.000000
Y-Offset=-40000.000000
X-Spacing=5.000000
Y-Spacing=5.000000
Rows=16
Cols=24
SafeRegionShape=0
SafeLeft=-60000.000000
SafeTop=-45000.000000
SafeRight=60000.000000
SafeBottom=45000.000000
SafeCenterX=0.000000
SafeCenterY=0.000000
SafeRadius=40000.000000
[Node3]
Id=3
Name=6 Well Plate
Position=3
Type=0
X-Size=35.000000
Y-Size=35.000000
X-Offset=-40000.000000
Y-Offset=-15000.000000
X-Spacing=39.000000
Y-Spacing=39.000000
Rows=2
Cols=3
SafeRegionShape=0
SafeLeft=-65000.000000
SafeTop=-40000.000000
SafeRight=65000.000000
SafeBottom=45000.000000
SafeCenterX=0.000000
SafeCenterY=0.000000
SafeRadius=40000.000000
