[OrcaCamera1]
Exposure=50.000000
Gain=255.000000
Blacklevel=255.000000
Sensitivity=0.000000
Binning=1
DataMode=12
LightMode=1
[orcacamera1 ui]
panel1 = 15,426,246,372,1
panel2 = 273,431,246,415,0
[ATD_Shutter_A3]
Status=1
Inhibit=0
Enabled=1
OpenTime=55.00
[atd_shutter_a3 ui]
panel1 = 34,40,246,120,0
[ATD_OpticalPath_A3]
CurrentPosition=1
[ObjectiveManager1]
CurrentPosition=1
[piezo_focus1 ui]
panel1 = 987,41,498,120,1
panel2 = 12,26,669,408,0
panel3 = 12,26,230,183,0
[atd_scanner_a3 ui]
panel1 = 8,25,498,246,0
panel2 = 518,26,152,245,0
[spc ui]
panel1 = 326,91,443,395,0
panel2 = 9,22,246,531,0
panel3 = 261,21,205,272,0
panel4 = 386,171,489,372,0
